7.0000
7.1000
7.2000
7.3000
7.4000
7.5000
7.6000
7.7000
7.8000
7.9000
8.0000
8.1000
8.2000
8.3000
8.4000
8.5000
8.6000
8.7000
8.8000
8.9000
9.0000
9.1000
9.2000
9.3000
9.4000
9.5000
9.6000
9.7000
9.8000
9.9000
10.0000
10.1000
10.2000
10.3000
10.4000
10.5000
10.6000
10.7000
10.8000
10.9000
11.0000
11.1000
11.2000
11.3000
11.4000
11.5000
11.6000
11.7000
11.8000
11.9000
12.0000
12.1000
12.2000
12.3000
12.4000
12.5000
12.6000
12.7000
12.8000
12.9000
13.0000
13.1000
13.2000
13.3000
13.4000
13.5000
13.6000
13.7000
13.8000
13.9000
14.0000
14.1000
14.2000
14.3000
14.4000
14.5000
14.6000
14.7000
14.8000
14.9000
