3 3 7
-131.24827575683594 72.40853881835938 1.0 0.0005232000257819891 0.0005288000102154911 0.0005298000178299844 56.619998931884766 0.0 0.0 0.0 100.0 0.0 2020-01-01 00:02:53
-131.43975830078125 71.91503143310547 1.0 0.0005179999861866236 0.0005223000189289451 0.0005347999976947904 58.349998474121094 0.0 0.0 0.0 100.0 0.0 2020-01-01 00:02:53
-130.56463623046875 71.88658905029297 1.0 0.0005098999827168882 0.000520200002938509 0.0005312999710440636 58.349998474121094 0.0 0.0 0.0 100.0 0.0 2020-01-01 00:02:53
-129.96469116210938 73.53179931640625 1.0 0.0004902000073343515 0.000499200017657131 0.0005141000146977603 52.130001068115234 0.0 0.0 0.0 100.0 0.0 2020-01-01 00:02:53
-130.80836486816406 73.56192016601562 1.0 0.0005090999766252935 0.0005106999888084829 0.0005318999756127596 52.130001068115234 0.0 0.0 0.0 100.0 0.0 2020-01-01 00:02:53
-130.98634338378906 73.15740966796875 1.0 0.0004972000024281442 0.0005074000218883157 0.0005302000208757818 53.779998779296875 0.0 0.0 0.0 100.0 0.0 2020-01-01 00:02:53
-130.127197265625 73.12925720214844 1.0 0.0005106999888084829 0.0005148000200279057 0.0005243999767117202 53.77000045776367 0.0 0.0 0.0 100.0 0.0 2020-01-01 00:02:53
-129.5811004638672 74.50228118896484 1.0 0.0004946999833919108 0.0005010999739170074 0.0005082000279799104 47.81999969482422 0.0 0.0 0.0 93.0 0.0 2020-01-01 00:02:54
-130.41561889648438 74.5317611694336 1.0 0.0004907000111415982 0.0005058000097051263 0.0005148000200279057 47.81999969482422 0.0 0.0 0.0 69.0 0.0 2020-01-01 00:02:54
-130.58433532714844 74.18882751464844 1.0 0.0004971000016666949 0.0005032999906688929 0.0005130000063218176 49.40999984741211 0.0 0.0 0.0 80.0 0.0 2020-01-01 00:02:54
