lambda	I_scat	LDR	x_scat	x_ext	ssa	asym
7.0000	0.5067	0.0000	28.6682	40.4043	0.7095	0.7424
7.1000	0.5414	0.0000	28.1788	39.3796	0.7156	0.7342
7.2000	0.5642	0.0000	27.6050	38.3864	0.7191	0.7270
7.3000	0.5780	0.0000	27.0347	37.3801	0.7232	0.7205
7.4000	0.5822	0.0000	26.4217	36.3013	0.7278	0.7148
7.5000	0.5752	0.0000	25.7327	35.2429	0.7302	0.7102
7.6000	0.5616	0.0000	25.0453	34.1673	0.7330	0.7062
7.7000	0.5401	0.0000	24.3169	32.9608	0.7378	0.7029
7.8000	0.5071	0.0000	23.4102	31.7601	0.7371	0.7007
7.9000	0.4691	0.0000	22.4823	30.5981	0.7348	0.6993
8.0000	0.4279	0.0000	21.5415	29.4644	0.7311	0.6983
8.1000	0.3852	0.0000	20.6010	28.3618	0.7264	0.6976
8.2000	0.3423	0.0000	19.6727	27.2936	0.7208	0.6972
8.3000	0.3000	0.0000	18.7453	26.2411	0.7144	0.6968
8.4000	0.2593	0.0000	17.8319	25.2018	0.7076	0.6963
8.5000	0.2209	0.0000	16.9298	24.1748	0.7003	0.6957
8.6000	0.1847	0.0000	16.0246	23.1488	0.6922	0.6949
8.7000	0.1522	0.0000	15.1552	22.1582	0.6840	0.6936
8.8000	0.1223	0.0000	14.2611	21.1624	0.6739	0.6920
8.9000	0.0964	0.0000	13.4136	20.2126	0.6636	0.6898
9.0000	0.0739	0.0000	12.5636	19.2825	0.6516	0.6870
9.1000	0.0551	0.0000	11.7396	18.3902	0.6384	0.6835
9.2000	0.0395	0.0000	10.9107	17.5235	0.6226	0.6794
9.3000	0.0272	0.0000	10.1024	16.7003	0.6049	0.6745
9.4000	0.0179	0.0000	9.3039	15.9192	0.5844	0.6689
9.5000	0.0115	0.0000	8.5652	15.1966	0.5636	0.6625
9.6000	0.0072	0.0000	7.7817	14.4899	0.5370	0.6554
9.7000	0.0048	0.0000	7.0327	13.8278	0.5086	0.6473
9.8000	0.0042	0.0000	6.3504	13.2358	0.4798	0.6388
9.9000	0.0045	0.0000	5.5672	12.7009	0.4383	0.6294
10.0000	0.0055	0.0000	4.8619	12.2403	0.3972	0.6194
10.1000	0.0066	0.0000	4.1676	12.3411	0.3377	0.6095
10.2000	0.0079	0.0000	3.5791	12.5003	0.2863	0.5993
10.3000	0.0090	0.0000	3.0703	12.9457	0.2372	0.5891
10.4000	0.0100	0.0000	2.6416	13.6362	0.1937	0.5787
10.5000	0.0111	0.0000	2.3839	14.9657	0.1593	0.5692
10.6000	0.0130	0.0000	2.3681	16.8966	0.1402	0.5608
10.7000	0.0163	0.0000	2.6565	19.5005	0.1362	0.5542
10.8000	0.0212	0.0000	3.1735	22.3387	0.1421	0.5490
10.9000	0.0272	0.0000	3.8370	25.1975	0.1523	0.5448
11.0000	0.0344	0.0000	4.6653	28.2465	0.1652	0.5414
11.1000	0.0415	0.0000	5.5035	30.9110	0.1780	0.5389
11.2000	0.0483	0.0000	6.3003	33.2080	0.1897	0.5364
11.3000	0.0557	0.0000	7.1053	35.4056	0.2007	0.5336
11.4000	0.0630	0.0000	7.8351	37.2569	0.2103	0.5306
11.5000	0.0698	0.0000	8.4530	38.6661	0.2186	0.5274
11.6000	0.0773	0.0000	9.0869	40.0656	0.2268	0.5241
11.7000	0.0853	0.0000	9.6930	41.3225	0.2346	0.5206
11.8000	0.0938	0.0000	10.2964	42.5208	0.2422	0.5171
11.9000	0.1032	0.0000	10.9131	43.7166	0.2496	0.5134
12.0000	0.1122	0.0000	11.4059	44.4926	0.2564	0.5098
12.1000	0.1220	0.0000	11.9200	45.2865	0.2632	0.5061
12.2000	0.1327	0.0000	12.4537	46.0970	0.2702	0.5024
12.3000	0.1435	0.0000	12.8997	46.6304	0.2766	0.4986
12.4000	0.1551	0.0000	13.3686	47.1868	0.2833	0.4949
12.5000	0.1675	0.0000	13.8592	47.7654	0.2902	0.4912
12.6000	0.1795	0.0000	14.1878	47.9073	0.2962	0.4874
12.7000	0.1921	0.0000	14.5421	48.0713	0.3025	0.4836
12.8000	0.2055	0.0000	14.9215	48.2567	0.3092	0.4799
12.9000	0.2190	0.0000	15.2264	48.2596	0.3155	0.4760
13.0000	0.2330	0.0000	15.5229	48.2146	0.3220	0.4722
13.1000	0.2473	0.0000	15.7811	48.0803	0.3282	0.4682
13.2000	0.2618	0.0000	16.0078	47.8331	0.3347	0.4642
13.3000	0.2765	0.0000	16.1775	47.4054	0.3413	0.4601
13.4000	0.2914	0.0000	16.2945	46.9219	0.3473	0.4556
13.5000	0.3067	0.0000	16.3937	46.4074	0.3533	0.4510
13.6000	0.3223	0.0000	16.4646	45.8325	0.3592	0.4462
13.7000	0.3383	0.0000	16.5413	45.2395	0.3656	0.4415
13.8000	0.3545	0.0000	16.5775	44.5387	0.3722	0.4365
13.9000	0.3710	0.0000	16.6146	43.8052	0.3793	0.4315
14.0000	0.3873	0.0000	16.5852	42.9003	0.3866	0.4261
14.1000	0.4039	0.0000	16.5460	41.9550	0.3944	0.4206
14.2000	0.4201	0.0000	16.4398	40.9073	0.4019	0.4147
14.3000	0.4363	0.0000	16.3226	39.8224	0.4099	0.4087
14.4000	0.4504	0.0000	16.0491	38.5514	0.4163	0.4019
14.5000	0.4643	0.0000	15.7820	37.2693	0.4235	0.3950
14.6000	0.4778	0.0000	15.5215	35.9780	0.4314	0.3881
14.7000	0.4910	0.0000	15.2680	34.6791	0.4403	0.3812
14.8000	0.5007	0.0000	14.9111	33.5078	0.4450	0.3740
14.9000	0.5091	0.0000	14.5487	32.3581	0.4496	0.3668
