lambda	I_scat	LDR	x_scat	x_ext	ssa	asym
7.0000	0.0073	0.0000	5.6979	9.4282	0.6043	0.6217
7.1000	0.0103	0.0000	5.4966	9.0277	0.6089	0.6104
7.2000	0.0141	0.0000	5.2909	8.6609	0.6109	0.5987
7.3000	0.0184	0.0000	5.0926	8.2955	0.6139	0.5864
7.4000	0.0233	0.0000	4.8921	7.9185	0.6178	0.5736
7.5000	0.0284	0.0000	4.6914	7.5743	0.6194	0.5606
7.6000	0.0336	0.0000	4.4999	7.2368	0.6218	0.5473
7.7000	0.0389	0.0000	4.3057	6.8685	0.6269	0.5337
7.8000	0.0438	0.0000	4.0983	6.5485	0.6258	0.5201
7.9000	0.0484	0.0000	3.8996	6.2593	0.6230	0.5067
8.0000	0.0446	0.0000	3.1234	5.2287	0.5973	0.4918
8.1000	0.0563	0.0000	3.5274	5.7495	0.6135	0.4804
8.2000	0.0597	0.0000	3.3547	5.5236	0.6073	0.4677
8.3000	0.0625	0.0000	3.1875	5.3103	0.6003	0.4553
8.4000	0.0650	0.0000	3.0267	5.1056	0.5928	0.4432
8.5000	0.0669	0.0000	2.8707	4.9084	0.5849	0.4313
8.6000	0.0683	0.0000	2.7166	4.7165	0.5760	0.4198
8.7000	0.0693	0.0000	2.5698	4.5337	0.5668	0.4087
8.8000	0.0696	0.0000	2.4204	4.3561	0.5556	0.3978
8.9000	0.0696	0.0000	2.2788	4.1875	0.5442	0.3872
9.0000	0.0690	0.0000	2.1371	4.0269	0.5307	0.3770
9.1000	0.0680	0.0000	1.9993	3.8748	0.5160	0.3672
9.2000	0.0665	0.0000	1.8604	3.7320	0.4985	0.3576
9.3000	0.0645	0.0000	1.7244	3.5997	0.4790	0.3483
9.4000	0.0620	0.0000	1.5893	3.4788	0.4569	0.3394
9.5000	0.0594	0.0000	1.4632	3.3665	0.4346	0.3307
9.6000	0.0561	0.0000	1.3294	3.2663	0.4070	0.3223
9.7000	0.0525	0.0000	1.2010	3.1768	0.3781	0.3142
9.8000	0.0489	0.0000	1.0828	3.0963	0.3497	0.3064
9.9000	0.0442	0.0000	0.9484	3.0507	0.3109	0.2987
10.0000	0.0397	0.0000	0.8268	3.0169	0.2741	0.2913
10.1000	0.0350	0.0000	0.7102	3.1628	0.2246	0.2845
10.2000	0.0309	0.0000	0.6107	3.3146	0.1842	0.2780
10.3000	0.0272	0.0000	0.5254	3.5523	0.1479	0.2719
10.4000	0.0240	0.0000	0.4540	3.8660	0.1174	0.2661
10.5000	0.0223	0.0000	0.4136	4.3796	0.0944	0.2609
10.6000	0.0228	0.0000	0.4167	5.0794	0.0820	0.2564
10.7000	0.0264	0.0000	0.4769	5.9938	0.0796	0.2526
10.8000	0.0326	0.0000	0.5823	6.9867	0.0833	0.2494
10.9000	0.0407	0.0000	0.7199	7.9934	0.0901	0.2465
11.0000	0.0511	0.0000	0.8967	9.0802	0.0988	0.2439
11.1000	0.0621	0.0000	1.0789	10.0246	0.1076	0.2415
11.2000	0.0729	0.0000	1.2546	10.8346	0.1158	0.2391
11.3000	0.0843	0.0000	1.4360	11.6177	0.1236	0.2366
11.4000	0.0950	0.0000	1.6010	12.2680	0.1305	0.2339
11.5000	0.1042	0.0000	1.7367	12.7327	0.1364	0.2312
11.6000	0.1138	0.0000	1.8767	13.1921	0.1423	0.2285
11.7000	0.1232	0.0000	2.0083	13.5871	0.1478	0.2258
11.8000	0.1325	0.0000	2.1381	13.9521	0.1532	0.2232
11.9000	0.1422	0.0000	2.2706	14.3122	0.1586	0.2206
12.0000	0.1497	0.0000	2.3638	14.4754	0.1633	0.2180
12.1000	0.1574	0.0000	2.4601	14.6363	0.1681	0.2155
12.2000	0.1653	0.0000	2.5590	14.7943	0.1730	0.2132
12.3000	0.1715	0.0000	2.6287	14.8212	0.1774	0.2108
12.4000	0.1779	0.0000	2.7009	14.8463	0.1819	0.2085
12.5000	0.1844	0.0000	2.7754	14.8690	0.1867	0.2063
12.6000	0.1879	0.0000	2.8013	14.7051	0.1905	0.2039
12.7000	0.1915	0.0000	2.8302	14.5399	0.1947	0.2017
12.8000	0.1953	0.0000	2.8619	14.3735	0.1991	0.1996
12.9000	0.1977	0.0000	2.8728	14.1402	0.2032	0.1973
13.0000	0.1998	0.0000	2.8791	13.8869	0.2073	0.1951
13.1000	0.2013	0.0000	2.8757	13.6081	0.2113	0.1929
13.2000	0.2020	0.0000	2.8627	13.2896	0.2154	0.1906
13.3000	0.2017	0.0000	2.8347	12.9123	0.2195	0.1883
13.4000	0.2009	0.0000	2.7997	12.5454	0.2232	0.1859
13.5000	0.2000	0.0000	2.7629	12.1838	0.2268	0.1835
13.6000	0.1986	0.0000	2.7221	11.8181	0.2303	0.1810
13.7000	0.1974	0.0000	2.6829	11.4534	0.2342	0.1787
13.8000	0.1956	0.0000	2.6371	11.0696	0.2382	0.1763
13.9000	0.1937	0.0000	2.5922	10.6843	0.2426	0.1739
14.0000	0.1911	0.0000	2.5366	10.2663	0.2471	0.1714
14.1000	0.1884	0.0000	2.4813	9.8504	0.2519	0.1690
14.2000	0.1851	0.0000	2.4185	9.4328	0.2564	0.1665
14.3000	0.1818	0.0000	2.3563	9.0186	0.2613	0.1640
14.4000	0.1770	0.0000	2.2757	8.6001	0.2646	0.1613
14.5000	0.1724	0.0000	2.1987	8.1873	0.2686	0.1587
14.6000	0.1679	0.0000	2.1252	7.7800	0.2732	0.1561
14.7000	0.1636	0.0000	2.0550	7.3785	0.2785	0.1536
14.8000	0.1588	0.0000	1.9791	7.0576	0.2804	0.1510
14.9000	0.1540	0.0000	1.9053	6.7506	0.2822	0.1485
