lambda	I_scat	LDR	x_scat	x_ext	ssa	asym
7.0000	0.0004	0.0000	0.0034	0.0479	0.0718	0.0366
7.1000	0.0004	0.0000	0.0032	0.0453	0.0715	0.0356
7.2000	0.0003	0.0000	0.0030	0.0432	0.0705	0.0346
7.3000	0.0003	0.0000	0.0029	0.0411	0.0697	0.0337
7.4000	0.0003	0.0000	0.0027	0.0389	0.0692	0.0327
7.5000	0.0003	0.0000	0.0025	0.0371	0.0681	0.0319
7.6000	0.0003	0.0000	0.0024	0.0353	0.0672	0.0310
7.7000	0.0002	0.0000	0.0022	0.0332	0.0670	0.0302
7.8000	0.0002	0.0000	0.0021	0.0318	0.0652	0.0294
7.9000	0.0002	0.0000	0.0019	0.0307	0.0630	0.0286
8.0000	0.0002	0.0000	0.0018	0.0298	0.0607	0.0279
8.1000	0.0002	0.0000	0.0017	0.0291	0.0581	0.0271
8.2000	0.0002	0.0000	0.0016	0.0284	0.0555	0.0264
8.3000	0.0002	0.0000	0.0015	0.0279	0.0529	0.0258
8.4000	0.0002	0.0000	0.0014	0.0274	0.0504	0.0251
8.5000	0.0001	0.0000	0.0013	0.0269	0.0479	0.0245
8.6000	0.0001	0.0000	0.0012	0.0265	0.0453	0.0239
8.7000	0.0001	0.0000	0.0011	0.0261	0.0429	0.0233
8.8000	0.0001	0.0000	0.0010	0.0258	0.0404	0.0228
8.9000	0.0001	0.0000	0.0010	0.0255	0.0379	0.0222
9.0000	0.0001	0.0000	0.0009	0.0253	0.0354	0.0217
9.1000	0.0001	0.0000	0.0008	0.0252	0.0329	0.0212
9.2000	0.0001	0.0000	0.0008	0.0252	0.0302	0.0207
9.3000	0.0001	0.0000	0.0007	0.0254	0.0276	0.0202
9.4000	0.0001	0.0000	0.0006	0.0257	0.0249	0.0197
9.5000	0.0001	0.0000	0.0006	0.0260	0.0225	0.0192
9.6000	0.0001	0.0000	0.0005	0.0266	0.0198	0.0188
9.7000	0.0001	0.0000	0.0005	0.0273	0.0174	0.0183
9.8000	0.0000	0.0000	0.0004	0.0281	0.0152	0.0179
9.9000	0.0000	0.0000	0.0004	0.0296	0.0126	0.0175
10.0000	0.0000	0.0000	0.0003	0.0311	0.0104	0.0170
10.1000	0.0000	0.0000	0.0003	0.0354	0.0079	0.0166
10.2000	0.0000	0.0000	0.0002	0.0396	0.0061	0.0162
10.3000	0.0000	0.0000	0.0002	0.0452	0.0047	0.0158
10.4000	0.0000	0.0000	0.0002	0.0520	0.0035	0.0154
10.5000	0.0000	0.0000	0.0002	0.0621	0.0028	0.0150
10.6000	0.0000	0.0000	0.0002	0.0751	0.0024	0.0146
10.7000	0.0000	0.0000	0.0002	0.0916	0.0023	0.0143
10.8000	0.0000	0.0000	0.0003	0.1092	0.0024	0.0139
10.9000	0.0000	0.0000	0.0003	0.1269	0.0026	0.0136
11.0000	0.0000	0.0000	0.0004	0.1457	0.0028	0.0134
11.1000	0.0001	0.0000	0.0005	0.1608	0.0031	0.0132
11.2000	0.0001	0.0000	0.0006	0.1728	0.0034	0.0130
11.3000	0.0001	0.0000	0.0007	0.1840	0.0036	0.0128
11.4000	0.0001	0.0000	0.0007	0.1924	0.0038	0.0126
11.5000	0.0001	0.0000	0.0008	0.1966	0.0040	0.0125
11.6000	0.0001	0.0000	0.0008	0.2005	0.0042	0.0123
11.7000	0.0001	0.0000	0.0009	0.2030	0.0044	0.0122
11.8000	0.0001	0.0000	0.0009	0.2047	0.0045	0.0121
11.9000	0.0001	0.0000	0.0010	0.2061	0.0047	0.0119
12.0000	0.0001	0.0000	0.0010	0.2039	0.0048	0.0118
12.1000	0.0001	0.0000	0.0010	0.2015	0.0050	0.0117
12.2000	0.0001	0.0000	0.0010	0.1992	0.0051	0.0117
12.3000	0.0001	0.0000	0.0010	0.1948	0.0053	0.0116
12.4000	0.0001	0.0000	0.0010	0.1905	0.0054	0.0115
12.5000	0.0001	0.0000	0.0010	0.1863	0.0055	0.0114
12.6000	0.0001	0.0000	0.0010	0.1799	0.0057	0.0114
12.7000	0.0001	0.0000	0.0010	0.1737	0.0058	0.0113
12.8000	0.0001	0.0000	0.0010	0.1676	0.0059	0.0112
12.9000	0.0001	0.0000	0.0010	0.1612	0.0060	0.0111
13.0000	0.0001	0.0000	0.0010	0.1549	0.0062	0.0111
13.1000	0.0001	0.0000	0.0009	0.1486	0.0063	0.0110
13.2000	0.0001	0.0000	0.0009	0.1422	0.0064	0.0109
13.3000	0.0001	0.0000	0.0009	0.1355	0.0065	0.0108
13.4000	0.0001	0.0000	0.0009	0.1294	0.0066	0.0107
13.5000	0.0001	0.0000	0.0008	0.1237	0.0067	0.0106
13.6000	0.0001	0.0000	0.0008	0.1182	0.0068	0.0105
13.7000	0.0001	0.0000	0.0008	0.1129	0.0070	0.0104
13.8000	0.0001	0.0000	0.0008	0.1076	0.0071	0.0103
13.9000	0.0001	0.0000	0.0007	0.1023	0.0072	0.0102
14.0000	0.0001	0.0000	0.0007	0.0970	0.0073	0.0101
14.1000	0.0001	0.0000	0.0007	0.0919	0.0075	0.0100
14.2000	0.0001	0.0000	0.0007	0.0870	0.0076	0.0099
14.3000	0.0001	0.0000	0.0006	0.0822	0.0078	0.0098
14.4000	0.0001	0.0000	0.0006	0.0778	0.0079	0.0097
14.5000	0.0001	0.0000	0.0006	0.0735	0.0080	0.0095
14.6000	0.0001	0.0000	0.0006	0.0693	0.0081	0.0094
14.7000	0.0001	0.0000	0.0005	0.0651	0.0083	0.0093
14.8000	0.0001	0.0000	0.0005	0.0621	0.0083	0.0092
14.9000	0.0001	0.0000	0.0005	0.0593	0.0084	0.0090
